Accuracy: 0.9487

Classification Report:
              precision    recall  f1-score   support

           1       1.00      1.00      1.00         2
           2       1.00      1.00      1.00         2
           3       1.00      1.00      1.00         2
           4       1.00      1.00      1.00         2
           5       1.00      1.00      1.00         2
           6       1.00      1.00      1.00         2
           7       0.67      1.00      0.80         2
           8       1.00      1.00      1.00         2
           9       1.00      0.50      0.67         2
          10       1.00      1.00      1.00         2
          11       1.00      1.00      1.00         2
          12       1.00      1.00      1.00         2
          13       1.00      1.00      1.00         2
          14       0.67      1.00      0.80         2
          15       1.00      1.00      1.00         2
          16       1.00      1.00      1.00         2
          17       1.00      1.00      1.00         2
          18       1.00      1.00      1.00         2
          19       1.00      1.00      1.00         2
          20       0.67      1.00      0.80         2
          21       1.00      1.00      1.00         2
          22       1.00      0.50      0.67         2
          23       1.00      1.00      1.00         2
          24       1.00      1.00      1.00         2
          25       1.00      1.00      1.00         2
          26       1.00      1.00      1.00         2
          27       1.00      1.00      1.00         2
          28       1.00      1.00      1.00         2
          29       1.00      1.00      1.00         2
          30       1.00      1.00      1.00         2
          31       1.00      1.00      1.00         2
          32       1.00      1.00      1.00         2
          33       1.00      1.00      1.00         2
          34       0.00      0.00      0.00         2
          35       1.00      1.00      1.00         2
          36       1.00      1.00      1.00         2
          37       1.00      1.00      1.00         2
          38       1.00      1.00      1.00         2
          39       0.67      1.00      0.80         2

    accuracy                           0.95        78
   macro avg       0.94      0.95      0.94        78
weighted avg       0.94      0.95      0.94        78
